16 0 0 0 0 0 0 0 0 0 0 0 0 0 0 0 0 0 0 0 16
16 0 17 17 17 17 17 17 17 17 0 17 17 17 17 17 17 17 17 0 16
16 0 17 0 0 17 0 0 0 17 0 17 0 0 0 17 0 0 17 0 16
16 0 17 17 17 17 17 17 17 17 17 17 17 17 17 17 17 17 17 0 16
16 0 17 0 0 17 0 17 0 0 0 0 0 17 0 17 0 0 17 0 16
16 0 17 17 17 17 0 17 17 17 0 17 17 17 0 17 17 17 17 0 16
16 0 0 0 0 17 0 0 0 17 0 17 0 0 0 17 0 0 0 0 16
16 16 16 16 0 17 0 17 17 17 17 17 17 17 0 17 0 16 16 16 16
0 0 0 0 0 17 0 17 0 0 18 0 0 17 0 17 0 0 0 0 0
17 17 17 17 17 17 17 17 0 18 18 18 0 17 17 17 17 17 17 17 17
0 0 0 0 0 17 0 17 0 0 0 0 0 17 0 17 0 0 0 0 0
16 16 16 16 0 17 0 17 18 18 18 18 18 17 0 17 0 16 16 16 16
16 0 0 0 0 17 0 17 0 0 0 0 0 17 0 17 0 0 0 0 16
16 0 17 17 17 17 17 17 17 17 0 17 17 17 17 17 17 17 17 0 16
16 0 17 0 0 17 0 0 0 17 0 17 0 0 0 17 0 0 17 0 16
16 0 17 17 0 17 17 17 17 17 17 17 17 17 17 17 0 17 17 0 16
16 0 0 17 0 17 0 17 0 0 0 0 0 17 0 17 0 17 0 0 16
16 0 17 17 17 17 0 17 17 17 0 17 17 17 0 17 17 17 17 0 16
16 0 17 0 0 0 0 0 0 17 0 17 0 0 0 0 0 0 17 0 16
16 0 17 17 17 17 17 17 17 17 17 17 17 17 17 17 17 17 17 0 16
16 0 0 0 0 0 0 0 0 0 0 0 0 0 0 0 0 0 0 0 16